1575048140531891
783224980736308
24782722211331848
31163770043237315
1383102709908001
800371706495693
1448544623118733
763871313138653
787813220364831
1961558331356879
1976684473166586
800894136247780
1151298400186437
631211523109365
3113232378859138
1099961098474033
635465895926984
1269062817809284
1302805448167651
759798273574845
1116295949860981
1695421447823969
1133060358887986
1296631528663540
766206426125589
562543286882953
1509809380144341
1987698065354143
24624549427209546
1125142046399760
776144504820566
1253117846565580
1422960282099938
1273379150589791
1498480911574758
1145139233703483
8996429207148174
1866239423955736
1086903706990565
1237834154812241
1321975486244664
701456636285510
798984306628701
1105038311824919
24264145986560388
1795956551312516
1482588493095396
1967123397380914
4100497793531858
1994850551327252
1177536920879120
765228436122594
806465375395344
24723833393920681
834799722211596
1291945882382462
783630564210314
31326390540310009
1597851474522386
2011400316352606
766486869467410
1086663796779507
2504953993215393
1174242341178900
1280324646551529
1274235843830876
810219344998532
1802191664004752
779502344778859
1292619732645779
759443720174801
24370951539252626
1783914806335202
4271403709849793
1430973384872091
821136280243206
1303170497338757
2267386950388398
633724906126494
1307610180776781
1019285056837442
1520337108957628
1243477144220029
1699367237401415
1554919342335502
1523580181975033
2508809972851801
1978685889628839
1420034155775056
24450112367931473
1068659821719000
802836205536840
761814483509140
1281276149717276
1326599682332357
4216233655277108
1495256881500497
1332816435084695
1161530626022829
24765119999778398
793299546400635
1781689522712405
2444158672644434
1116009893373283
1499318498178686
1481449703056282
805687352016297
2507505099630761
1056648179879957
4096431910673842
764386776370869
2633669430318328
1298599335277084
3170114916497637
2011793539636744
1286102636323236
1298214135129566
1462954501575925
1984222849068756
1315484393544792
1802375287331712
1801089567446708
1394829691581841
767947622647277
1271345814311007
1829417997989372
1306381781220989
1044311670920701
1139652578124871
1186299999993285
1161876662628779
788055183621951
1967268760708066
1165597428774371
1409932140113046
775529821847953
733862579639792
768066532591259
1918911265392058
4270663529821324
2209936419478184
2590183304713391
1995694324298697
1114250126798158
1145962454112570
1951236675450546
605684115809039
1304162608085976
1781817849081342
575436812319602
1144321907541375
825120643178111
1353208403094379
741913315413008
562908370181404
757679003830488
1817014878893613
1674374086588460
738559232678992
797754282652123
793237493216695
794870043011313
2002866440483309
1162659689027320
1887140765477179
1524085235633373
1491741728545183
1312205380506216
1805905223353956
1840156176936201
1776555986558156
1132954372268098
2485403188499142
4210725662536308
825281379927754
1829523157961102
1354457909524528
1101632291598232
24582632828091470
2540385342988416
822039437154646
662347776333415
1111778340431823
1470206837512445
1453258385982356
744858808312367
2161670480990164
1110157357327979
3791777884300196
756377264047312
636790056160823
792350686682517
780796694438684
767771755989796
1130791209030555
1532750048080149
1343486783875657
1006553361496259
1284558819878119
1388877856263486
618993907741458
790872623899621
786837580465499
1503088430892563
755423043950045
1494824771761250
683086467404009
1044075874279434
25012865784988193
1481591216492333
1086222493708367
4112068765673951
1258163215636353
808160908438708
1339804820936993
1291108332485152
647335761317953
1857568684794115
1821302375445625
641358688625244
764160459876653
791252460035936
3019923098210183
1118848590309199
1329991378539259
1868646370669904
1302281094814185
1109727764044361
2564531077245318
668149502987689
1119595730267378
779530215013545
2004358173432508
24288473684169070
1301262501674702
2338831409893913
4112919432281805
2021621321915525
753414247522639
785820521071890
1330887648560138
1313648626786832
2064169147323158
2561481570917687
1509085073418620
1111642893774050
626345760271776
4075285989377793
4205049989819470
768295282513658
782582918052309
1052909153589425
1058880499427269
673658271659373
1161571489147598
764238406238677
790654619988589
1284663886159123
2347440222338807
1277200697438617
31153052864339288
1291325432643834
1520686742706796
1421081975671043
756015237242013
24396593896617920
1102957898592258
1129166106025436
1272149647785375
1101904452033127
1839852210260712
1284342369798953
24417650431226652
1614674959509028
712737281779249
1302740854877676
1451940752780575
1100183925512924
1302889147537973
1417937513032210
1375147777523884
1506030003901767
1820954732150999
784334250804129
823899410593840
2647138745619064
1123104853081310
795022846386237
1452279055894969
1709966326326848
1327530495393201
1421172698998727
1140406538150566
1321481366269696
1742806456605391
756323117401807
1426582585241407
1432557811346061
662187253572266
716224801446359
1494912958178962
789329573547900
1825712018368253
24213766994962708
1450006479482014
1103803441727982
1283914160183238
1187746826706559
2112447895952081
788247727037432
762686409855153
1697949057575562
740394938820547
815498377818456
1349073046581209
1663043197695701
784179757443908
793071626507279
1045598747649042
1213474310796336
624141817206693
4271514216411462
1454425912457945
2336684460172839
4297190730500394
782753970801638
1290437035857012
1303971018174800
1117272596438972
1113964490176652
1889064805156206
3257366207737802
762427429985686
748866801363786
4022990171288568
802813932206515
1725027718188212
772753602354322
24825762140361083
780713647834937
1425090022081208
792047483192047
705835649155167
757643777116980
792288356550442
1309822454019105
757059853794463
1452789376045304
742241265237312
760753956807494
1849512359108624
1968731690552477
766164666279048
1154555806540718
653390937809704
24367392832881435
1537458894085956
2250842079080596
811680161422995
1868109673746539
760089120099352
2162763510875904
1733728330623903
1466655097912364
762316179845881
24566859843002197
1313139483577996
790516673345767
1131217155563671
1149439273698436
24824716083835042
2534263910272639
1328084302163720
1581832319459954
1312014136998891
678960231882217
1604343210526107
768148152476255
764211223083812
1284263219817949
1281551119945542
797883986035708
1975753383256654
24482967648064746
1334842341534405
2511792305853248
991205996413341
2571963436490469
1531770791145742
783740234068182
1285652326427745
782637450913194
1442948313489211
1332688881815614
2369234043521978
1289131342686582
1417752059311750
755142033821029
1427298825169242
1328361918923062
1724570954859883
693237940444090
4063353337237814
1310901140431687
665741539883273
1781759246066159
2586419568386633
1498325727826652
1380528720742296
1116082596704109
551932081295977
4022949464631108
3049965138516799
1315676709935882
1307897997375125
784644320599979
1551050002932355
2160305677825026
1472168070490107
1782205505710859
24696576663313269
755634107255518
24937600869190944
1431309064622123
1347788040278971
1120545143506399
3666891143442133
1291404252764893
1297851168539792
24529820133351210
3141386812707297
802415852336999
2034045934005842
2517352405292248
758810403695285
1200722675406545
698074376582687
3209454482565517
3608962662572103
624105650537125
762119886741558
1712423029415310
1471182350808933
1660459925358694
3191530461013282
807011955325646
1150350093626372
797106809361670
1119376556191761
781478267753893
1783174965918924
711992398538572
636735339507744
1110848340580608
1229947752511840
758410257104285
1463129084893525
1314968206656899
1314184393263618
642663302242954
3983334981926786
1406068533795473
24458709403785682
1327930225433140
1441793193755479
777331368146089
1490027288672575
646429348515934
980884064144457
1290182322606366
1085359780428687
1974451803330356
1807974120112513
2767266550143603
2234693273643851
677517607989709
1123148289743380
1746152522766669
3368476829961761
1069182445003273
1158926499617753
751650424336976
1408126363632340
1141432294504034
1894120687816898
1029221389149571
2178834779304293
1292283555606189
1046221160730559
752896180845106
1816778179224627
24658482163747479
1413250603075346
754787884111868
4169943149891221
1121179286019310
1351655703358354
644488211618761
2732553213615097
797468122815074
1020805920021977
654025713958990
1241222657801736
2056474015159723
1523371281998993
1114192536877054
732710366431965
1356886535797692
1586382489391775
650660300965833
1177146110909441
968684938724295
1318223662973613
1113367764221611
1953458705478298
1986747291861048
1521731442179771
1847758585953995
24855653364128782
1255908002967404
626540483584834
749521217947278
1812393082692944
2281954815628445
1287782822352173
1486987599110948
757961003816048
24173501749001194
761471756512470
1074509421433998
1091763569802656
1453916522543128
2577613935910130
1117657443648689
1324907172487694
1413437936397105
1007645264707921
1825050108046976
1396911645318328
2566454673689971
1963191284517250
749449207906000
1499456721196378
1271613217769637
732644066434826
1736411530346272
1438743890737334
24294104700282363
1529620871336812
1402570804144792
2594278520924337
1438138657442426
1840425260234361
1594133215325720
800734855737062
1453057542654456
1037890001604217
1309082893927513
1793958211254011
1286935362478970
2486571458368366
728703556834257
1304025567827532
1839860746968790
1582315276082730
790604593472906
1322072542640597
1767608123869080
1116850956485192
1335354328196756
1337110091317663
1362261085325565
1083568887218908
751517757861048
667725885758090
3175265245976914
743755145140603
1279928537203014
1569273134050691
1280648953607329
1158256796357211
1287285256082367
1000026698846021
1177708777524416
1215261997308515
2540975566265418
660529906529937
753520487656448
3742125486089485
24016467924720791
749554971393710
1305141324585973
1170143924944909
1239775441529019
1351146749765334
1843084949968876
731712823202267
765934439574546
1407098493691202
1366605778129628
1047589327452897
2206581553152543
772754135354647
564828736717407
1327111189011528
1549971856372974
705155922549402
1267977211318428
628473536724600
1283849643234507
981860981132011
1835193860397267
2256943641398172
1563561598136620
749691424898048
1325096932591646
1340050460878196
739621028752307
1133650498691409
1314437490118459
768621659222882
1283890259873058
828588819832221
1812558239361786
1229038972359061
1087826416830346
800030882524395
666392282564572
804122522261325
1503749100664002
1468855027780321
1448355639765599
1222814376557161
1564406434537153
675623924854245
767332312703435
4118567785085016
628601763372199
1022127113223811
1004415205046449
877398324789480
1375502497467922
1483535969324529
1191569853017589
3950223875199537
30998218793157668
4223926104596615
1156818392970840
1083739140585900
1118157966915022
1693275061360598
751902350995358
1763177441228182
1829565631317651
1099838772254292
709391228826867
782693347983246
1829431024661764
671056992706617
1357748096360563
1141169424494892
815687184357861
1982729092502548
1944250793032059
1461068538372445
1481714483090642
1267291491393093
1279115690627028
788391693882542
2253250995117906
1443477596709875
1329730322054333
677497831314101
1465146488164857
762402036488790
788508100294565
821949153914380
1277415880797093
2306452243114599
1316764160057362
1308806494153044
3953647341613936
1662344137740318
1297309788502004
790663980093839
1812832112992189
1304836844707328
2175314099660749
1203573231813466
24311186971856150
1872842820112907
4183111348637721
1149493447105024
1694087807855671
2187451771747401
1503024890699782
681252964305124
786472943739490
1116914576550996
1234174121794213
1487057525644456
1141210141249165
799663825740704
790235150057447
3582529582043868
1107556124836347
1488942195444869
786527880425197
765490476118388
742754025249858
2158975157918611
1450627399546048
1310879437421127
1404525547281075
774802175161724
765221789454949
1100241225431865
804385908693893
751491427683828
761102496812646
24449186411406959
753935807258167
1097325442052649
1683513468999092
1439280564002141
1272580654602918
1130897655133467
1333320018388870
1274714367133845
1458437205278987
1815927768998602
798097699460306
1955264335327409
1384997286521063
1828159244723657
1119814386779906
24689363577362440
1217109140170585
1805995496997112
798164322547328
2316335422132246
1827253131477007
712179254765568
2189284174919910
744613245047816
4518257908432094
1478833146581537
1755209795141350
1826144828339565
1820487371869296
1126720002716003
654842610986037
1249816863495447
1819789468886026
1140894524837424
1308815757540258
4112733925668645
32029249963332503
827591569720495
1071768188461865
1548640336587856
4186338588251268
1079832294311707
24516795874606475
789475630236878
1889076865007918
1086679900317320
1082591660729538
623998563897679
2330906734033047
1277703480766397
623859594124169
1476960956680368
1450952806147365
1516424209543690
24452015974414613
1742780993040778
718270494561013
2058460761625511
2174486179703289
1265622365041388
763693006408574
667258282469915
24553798500942446
804132125396921
1289047586020843
2036178740487411
1065398759008186
3272695532883370
1333850405110530
751255277802366
4112686355657663
1154089473230683
709558341542953
1500237741155294
1173691744682138
1363490265451299
737515359112757
1816238489326508
794333782993715
1313435600128681
760351370045205
819987920382531
3199069390247547
1443244716729727
4066946340195081
785171147366371
1336592201147732
2273416076405883
1386069509578366
1121792409918125
1308915640727784
2749013541974420
1087867973507522
1107806031542149
1818305019120600
4140061482908787
749162938026851
1807244226539985
1128777455763400
2887244744947837
1530968648048998
2191391928048494
624082280497956
1139907718098281
659935423799574
1447398059854356
1842901619941119
1120250136700833
1528845424953280
24561324980168012
806835695349615
1082372560668027
1326880252779932
2138872239934529
1468217074304771
1895579461299135
1075996197850155
4201976813380726
1471847377278919
1086436887013314
1501619064208414
1856048815311069
1218822423380865
1731601180877040
1116849360510512
1671791420389208
796018456204584
807244538300646
1268263277923947
4291958677701251
1094510805697890
2149386768919944
2540240936334086
760820080187447
1080581017523516
4257528501192309
1148862490440524
1102889201461539
1271054184301301
1172158308078406
1412585006507486
1492114045306338
1317474419931746
1459778741998188
777850111498748
759342390233514
755557577355951
1115951243309532
747171164887774
1043843477642248
1448112983142324
1490247808663044
1159131199607571
1744713019738260
1000399462128187
1476693697008071
1518299329201484
1149615140431498
1233303225263968
1644262463165912
1505418920456445
796917499343540
2040608960041730
1994301488012292
1093198249655429
1901731097063294
773248378451649
791815380677998
1901096724081407
703778879494834
821091586921986
1868759970709408
1431672341400250
1421595132472524
1492289611961867
649602591029119
679661521073906
766691556066779
1353966899671855
1589025088894208
1465738867794184
1779543609320561
2933310743518381
2388770251520762
4165092343702276
1272424667707810
1329746592154595
1236963814899937
1415843439504329
794982459662827
1362234195551141
1571350150414664
636583345840899
796836319755066
634896706343897
672097221927542
1970434533777097
2234626470293675
1269925368213395
1379480170269187
808548861593251
1091536966032830
784436467568463
737297899309173
1282985063618919
1405253907238495
865606442679793
1283501013429940
4115351005444994
1300462954921881
1355382639355591
1113834050191029
1703766500279524
1373637027530179
1122951373046725
622430140720508
1102441778646899
4119335491656946
773312831841400
1376000751201921
1385073406570623
664171932818625
2025040794982303
1825547941729356
1136445365036436
967384445528986
1476590683370748
1512226923251440
1668697503825631
779156771266372
1341555931305227
704416349277603
1113154844275677
2530360263988595
1779851515965513
1305044387908564
1416107659467957
674215421692516
1050641356941077
777067888408242
800273399347206
2100329020492083
1929910977843545
562745580194856
2915288348658783
758502017164326
1456932418853520
808569924841519
704162839337133
24468515646110493
1830216341235100
2506021526450703
1527229394945162
1428697888344217
3981584738772100
602977152752816
1275508467607840
1900778000854167
1067659382200145
1073815194916877
1114787823937894
1874342836813142
605081175874207
595409813525973
1496159841277201
1557918755373641
1410121446737041
1151543336823460
32061989620067280
631794582970043
1542083746955893
734685096401057
1368531435281018
2504845373222703
1315526193685799
752189737664490
1091481049758945
1115365596683675
4284029038589247
1509469690407262
766668985991014
4048950705251442
1951488772364960
780828364445038
1942757919903574
970276151900535
653118747845781
2187096668423969
782223474513468
1326253162434089
2906369299566046
1815482585731193
1126029665527415
1279303716734052
1435715097718622
1181539524019296
661843166937906
1094523409024280
1438548680704802
24406956585599912
1173557681318823
769476272712074
1003405721825601
672714045843181
620233464284442
764248339572705
1521292295696852
770434252612174
1143827270982783
1140421814653822
1831277557801449
705138259242780
4060415884208360
1144843400842452
627327460444412
1127349718852877
1723218518092446
657602807391373
4252761428303712
972660138320357
653963237723201
758539580398705
1076537021308749
750124917920200
1425553541878604
1466637451210239
980995640796030
1242266304255981
725298870543807
1117521283922035
777085201572185
1562836128458743
2828684663988951
1454130155706002
2828998613955449
1246419134188700
1261586429051408
1325601702329463
9939885032778932
1969575237209602
796084156300565
1427855268511316
1725328851501329
24655991657366084
792474216768663
1493427305326227
2813298632199111
1801623947905002
1081556027491137
747071488090052
2549052932127459
1188372943097845
1573676174039657
1698426704191116
604852775896507
4151367768515216
1287948062814002
1141405814622892
2184937241985480
1233694271848824
1454285545804886
1290260512836680
760058646811273
1253330889879654
1070186231770076
759836673700359
755544040671751
1482080332994776
24429500823402408
1219261809958260
1428806415074291
748787134632667
754049850769144
1510669677034959
1422342079065030
1587690725545487
1751819542124732
1473733907279562
25588184610770526
760331330221901
1497032301654472
1801169610600669
814215031066469
1270592524310524
1003805331783044
24619357464356364
3760362000930488
1153068136690255
807379085180554
1709578573091299
1670612596944836
1963747401026113
752712767529316
745311978497788
1310485397358987
1354685859997826
776831811425564
801085889047324
1808506939874808
1317292409928074
1492084072142213
1102438505358781
1827334111191856
4197196537224903
24527279313606935
1795499235182308
1430705308228180
1272949010718596
1505551800872730
810334861655022
660702296534307
4196907963962624
1104092375024996
795428573024304
769596995800690
629506896906773
1304670161198887
749786157861006
1257082039552184
626480346925078
753105877498850
1849856942553050
1640076373615293
667366432462329
2292350204526805
1419184149186573
4139009906359756
2140365476472605
786378883843828
747079558034894
1123106292499549
2014542502630035
2528961284127353
1728710041179923
1491844255321968
1310750540706004
1845198766418371
1929249874318214
1495485301897423
2533333717005148
765819152881900
1457160508851116
1277778246836220
754154750579993
24439511379078602
1673684269964083
682870240736003
629346520230568
2201742970337628
1053447306658648
1427190348581631
2067733624031541
1829071551021540
1031249328939917
1506600110688087
776496958497893
1844527956130060
1444777993514994
1866098687269565
772804265397899
753193574175665
1080735400841654
772068408745929
1683592725685746
768654812418524
791714890042312
817184344203357
809595965080816
1436909334036222
737764692598940
3747663118874781
1962028927951487
1213122240842645
667869459661104
1738787290262067
1355613252656512
1089685676210430
24253046127721410
638117876006280
1533190167844485
1179955800711418
4221396094853855
1741333446587821
1062787542593414
1117834973782532
2002072093897093
1481374596382253
803465905417885
2040321130041391
1419578355785683
3640250456271241
2265060977313844
786796387156960
1178730067609324
2011386146267476
1566079341420122
2456573581382542
1505156277342997
4236030766658690
575528385554168
630338116536272
1885189012040984
1116145586690196
1084072536792349
2284601085328488
829235029786637
1093519729150449
1520321125631900
24600332672987538
3592090367766904
782833794222530
1842973249955100
1446881719766519
1266175381490170
763172506320933
3039461349593676
1847494172844837
785577654163973
811152681336997
1504107817440197
1338489207789850
1704104160979239
786468937677661
1322943569545689
1339743197580882
619864820983503
757610597235098
1306242300885028
1123338469136952
1089658163296579
1592461412159460
1268160488373280
1499347067887752
1931364790738402
1478092316712384
1075325378102643
1531124244964274
1829617887656435
1491123515416034
1328228452163826
2349864775428919
1353071946237702
547789731759352
1478664673156581
809301248096657
748765428001733
1296209332224313
1502144420970063
1402774077459435
1283404656495367
790790670146765
802213778954040
1305975527778986
668078116317751
1956191251885660
723105964064493
1119262980269581
1536844361014493
1804441887112447
1795436821367704
1942443290031793
804843432126686
3264183393746217
1842980826431870
3328791083951380
806975375014216
1075847114762852
3176020465882398
621315944114933
3268346196661928
1799848330619336
1110852620986372
761136123189579
1111222340534369
636507392506123
1257295862860465
785072927391085
1316117186687076
1300780391588964
1847700169495726
1326861439022369
1452614096044502
1087118853538122
1330809512106100
1463791561324085
1169780001634213
2300427883726752
808534855168738
809869051699525
1265677988691947
1230277435454227
1240774137850047
803052028736231
1356098515980926
2298981370523734
1754876328567635
782026457646637
779370648122978
1436835800930613
2441525626249000
2287236598376264
1501488784370419
636392942850286
1245949777282558
1094446066214978
24766555836313432
1434958590887996
848096997919033
1265593368146349
708888055528683
1101399362080510
1062107329240741
1292794345183043
1119492959626547
647477154624644
781602390923204
1798660918199997
1297264871237227
794651742952344
1452702759111206
1064935395630051
1256619179482989
1513084510047695
786445010576332
1516656756444195
796339349449989
24870774075847612
1551704332467125
2295525230882532
2863204990533973
1472446147232511
1128741629150986
1503795877641831
4244319342466553
1306183834254054
4224140347807628
1194305969394046
1321478719394020
1766784354210918
24350284787970753
2157058084704477
775009495381819
2266211427186988
658679640068846
1550882119213862
1314767607098111
1279986443922489
1205461551607212
1280287676914085
1060760619222689
1776684159903033
1426361148579142
1334885058640419
1833726500826497
711077391908573
2013981922678006
2540986169604708
776296465002461
1204012311766521
1388050906657169
1109271414493182
2161112657718537
1450924932896678
2310318559425437
717459014670488
1329617545399476
1660845224582037
1288845528837192
549936084844960
1677865592896426
1412792159817364
1515475399448037
775503008768111
3129139290597810
1994983951270900
1818278208775257
4002310889992513
694907666935672
1150061880583892
746853031525612
2176539649508960
1340376117430849
1482964292851166
4120577238219660
1313280537023628
1967671674049537
791328773346940
24159316457030516
1526772228747771
1228423495718733
667021435841451
1324085909292635
1320756409670613
799129752675491
1447683069775238
1165665658706158
4018949151676828
792803413253199
1153434769973578
3604096483057461
24333004159674764
1553208629423039
2544315322586596
1305908740928142
1527495825328340
762776956468655
1727135184606280
756014450726857
2268300913652593
1156516943015092
809941848130414
774126342177473
728064070206883
1082659017376581
1556370565803459
1744205169539378
1427395318317226
2547026172326499
1159026719610322
2588528628163863
754475873963924
1870317830179686
24341387048853460
4125761691013659
1889071104995148
1792401125004148
1170616928236805
797948882846020
2274171369699529
1094167146239459
1968902873861759
1118638790412307
1122389126516528
24307677555557683
807452678352125
1352803693224647
2679651429038232
1267082401398624
2115910822269725
24304318842510618
1569906634173740
1835516430697481
790387546775933
3277080042443370
3431332103671717
1985501542247765
772428055380856
621598924358428
1132104932353563
1241863487625367
2235451916879769
605091382534801
746043278248902
550949991397784
620362827611970
1667463337974022
2658019734555044
2151658751969801
1409031953521715
1604485297193485
747888928088675
1174670427832373
1327277455406462
2540405152981126
1794499938614647
1830314864185501
1308763240659603
1097019579219646
1322727546146712
757487293735664
937867428546658
1528568438313547
4167787480168397
4637848669775249
2183132865496952
1299926721663582
1061966812681978
1331510391924932
1302709481508927
1444162283354900
1341503517393700
1434266851161324
1120606099406512
1213721480771927
2095464690982373
1322945533168335
662488790201465
4174887859393760
1829135641013915
1134934675170642
1792936128773353
1107540084269308
1276864677568647
1593544218288111
24662647320026932
1986002408839209
1262452238479756
1489005718766050
768571889281446
1112178884338600
1788713238518115
1177697074192836
810376074893386
602676666109331
1671751683519987
650190828124439
24367219492964046
4080566672212401
1563992735012672
1147023550623220
1327426565707345
1108050384251065
1772423623478812
4221760174816197
2254202838360299
716735258026833
2316342955494596
1409570363445859
24070871155929535
1149233393746907
757026643595039
793946236364626
1795562034381777
24946162535002749
1288883659562815
24836443572640698
1170359501813253
1175846357710677
24695210333484053
3101595586682984
1793506687921453
1488366492296428
659115037225133
1791185328949718
2858475561029592
1414097449680980
1170209761587721
1040217864857173
1703831156994135
1098925321964006
808066845533093
2274767709604011
1319922559481383
1141751691158894
1957692308363089
1503964187394855
4541645256153673
1488744602572871
651823447488886
1450784765979595
750705251217318
739942835523825
1957017938429965
1268896248050555
1856964105224416
2072444960227536
24061172136916662
1292051862359998
1845595449357185
1308298453998798
713168548406755
1088097246376814
1939742733472903
1126815656077355
1743391112979438
792381216640639
2210633989418483
2010262963050158
1091530903159187
741799335298535
24374945018783302
2285981858523193
1973675186765592
1520231602747302
594395103627578
641919792293194
1492461565306806
1339703224432243
1837394366986548
1458338451978945
1497800041105249
773977478513830
1195931015913306
1119861473543517
788948696943275
1789542284989066
2845971575613441
1071713288455373
548191861683340
2156438331505905
1355649856106886
1477087400082095
794865279893393
2781873738664133
824057303382069
759159550043529
1082206233998486
3207551356051084
759902083682102
1674015556627845
1743096986571124
759255197023725
799702152729749
1484216339424864
749490084573377
1265290065143901
786650563722356
1861856437728603
2438665673200628
821100747250327
1512538589786346
1926931938097880
3721989344597946
1271801807602652
1175126494444041
812084221240970
652857117385231
1175188441099211
1139672451352266
1192379202651825
2266092457177566
1883665422195963
668492669604349
773562131885196
1465827777875616
1284374690136419
1944080666439047
639194299262034
1285752896556735
781779220900526
1263018975140947
1415530256411416
1343411903960471
640242655798522
729232286785392
1995729881239959
1143812070952615
1426965621751475
1053011290238535
4003931669871758
1099238421841923
662260119674072
641694175663417
2001980140545464
1481647982730151
756324857009698
654736297228631
749770421206141
1304456654665292
3116879531812616
1256098872981111
1210650414158731
1136508345075170
24824008867216801
1117437329721326
1315690706574959
1242097974597231
664471416097287
4311000465787803
1507141230647412
957125859905942
1095804312216320
1853906148496151
772537528466367
2011940679560976
1681775399172239
780984024904319
766251669667895
1067413382217549
1134295775429280
2156101661538495
1127239482390169
718927007795672
1068662785054678
1448130736408563
2762117377513254
1458821958571382
1243042827595047
1468219844328792
1968912673842748
1787441915193964
3448489168624217
1347584160275069
1493377872080648
1521135559056368
1534360351037241
1808995656365213
2179621249213170
746773014859758
754789347546853
782436877526456
1309861627159425
780002401643302
711252405247826
1144948184183965
1114100800787558
760287129970841
1317421566653744
756138753712388
1939153646938397
2166649130482353
1483558012663490
799394899700692
2009688076437377
1109463437376486
1910128806433598
1442422243543891
1148871223724678
1838037206797601
24257519573933034
3290275081111413
4174714712743644
1866592690567948
1091293109649158
1468677274323724
715633564856077
727627930268346
1494536068234371
604965872547068
24401591682826622
1082853990282276
4159098224327846
1849898418965750
1508005540205144
1101572834942759
1405782327156742
652679034555948
2499058110451419
785871113988959
1966103654189102
784991627459448
1522658035578781
4349636521931593
626966286880981
1324988176080261
1574805067284701
803572802005692
745626938241658
1403650157405576
1764185447533341
1536877567674762
1286943879598874
750002571123369
1535742800751700
1941608253348815
1897106467532731
1278031047120241
1314842467104944
1497035817965444
1311732433913925
1526845965144808
703730219357608
738259869031150
746593911606404
765450856104158
774209328588534
674547958317340
1435384204356691
651201174241187
1343384274455521
1204000421492331
1571583187149773
768899989333645
1125933312782432
24105418045810153
2149544555514278
2550173568669490
2068525116888896
1911140006285433
1303348404830196
772140368740086
2265788180559633
1323421902834707
835372855841499
815885710763924
1292922135629745
1110876241256375
1082867413969256
2258874424547928
1266508611464394
1291155162455710
1355405786189734
1311975440584840
1826087374647738
1450708972712138
804059175530084
1816737305932549
1794327631203273
4186059198319357
2484694035242230
1962388967929794
1074824744805767
1999802190770828
3373863219422766
1329471781850382
1766068800685893
1211466254355683
1320295789694874
1324127095727645
1792978658251025
31168305532814146
1135891238456997
762214019760721
718757707847030
1053644879972091
1326858665613755
1119825980122149
1096832869272972
639247328899299
2244052782701715
1003029141864912
1289833429264842
1108866124148883
1355408959310944
628087113709392
952978877011594
1135903285088373
2716427568561453
1301637691661676
2239710193133415
779998314728356
4261189120775537
1086994096950560
1479095636740471
768811045846685
1317385336845535
749875197867769
2765985250267958
1478011713494989
1191826829653718
1377087297425268
1443862243335031
5039691356256955
1959685684787154
1513178076716343
1511040533268475
2352681868467420
1397730011302515
3194728954036806
1058148929476290
1403964807867305
1191770276043543
1012864770846479
2000273267471258
1304280207803705
1046974534175045
785744684392329
1024082039676807
777767028553700
1108608337491861
2155002725022685
807430584972009
1107651298009288
4080331392220351
2575051659514831
1415361736214593
1085768033727689
1694259741259757
938638595126370
793203893087863
781638787683287
1428977308160178
1777741823110231
737009599159762
1827882941940159
1307025954216376
2149434898873148
1110357973928679
799471249150245
1278175977386692
660094066594934
2085288268667297
4022477468065317
587401797790091
1486419459040054
24563121143326700
1107246621471059
752201757597806
1303314074541805
1090071616612625
3833240386819629
1841119059849918
979626590961674
640847202005022
3186971491450906
2525840761101161
1435099984367201
2210787602720823
1992205778207647
1509591163721985
4239452116310132
706578735736354
1302267271248412
2236666830130525
766613866298282
1356944599339757
801355375879499
1132572768753605
4133572626854199
4054623004684368
1273673514255834
782151377631607
1836444153749873
1429308414850780
1504685543858632
1528019155277398
1037637764954480
1131585588856773
2267677320415334
1484491906199634
1363210525370034
776098648134651
1778451066102477
853293307513968
787060393874026
1079622684240089
2302787983519158
784413857289656
2195528957628350
3924461377884691
758970790454179
1341564934146837
1306733441158493
1118271023734860
781112477658283
1819767325644858
1301457988094335
1744575672836319
1537543417432220
814242187940548
2230856850699306
1095049532767447
600784262965935
1291770079070138
1148592053996049
670552518784910
769842832636004
753141640972843
1181296110699995
1831462620735650
1944378373079314
840078171679143
1068949588560994
1794689528104818
24371773252481700
754773583985217
772968542110111
751271951126848
24916030351327503
1914586226069028
1799869534740467
1484501295787712
3243313659162266
1824772591751038
1496779291633192
1928255918019316
660130977119044
549688458190599
1514642309874067
1815406415714404
1273429754009842
4118594368355251
1127612289294361
1104191398359227
776722518414314
1285494869948091
783964864040465
24740849595551371
1273112907299650
1455720395694838
1331164361681832
1539198767045000
772515245536693
1744051496218196
1280320203229689
806199245271735
1719923665336285
1116375067123587
780196381159505
754579570527165
1443840643557591
676836698777714
773950642043588
1268628328065592
619553911014493
1109476117388348
787138400924234
1101388525445212
1814124532510634
1146622544028461
1053380636778906
1271928908000606
4503991843170969
1179654714184609
1554929352186664
1340625907619919
2007287303433446
1549281586486165
765702859494744
4321868811469443
760516389915458
1301383718439776
2198349420630930
1155961916422182
2271618603274876
653699977325337
1920850041807960
1332210221632917
1673130133377196
805495965469833
4079240158964939
24417168931266837
1091182623193411
800850308954585
2197993024045983
1509994770435820
1580050686712400
1302679424555432
2100556410752137
1122155635916925
1328370995352708
742242352027901
1249394593867820
1408455526923616
641121325324289
1137267988256890
834393075720519
757005537124628
1297902607897256
1757382788478979
1666219004060042
1428809841508417
752983787616854
1893497544918183
1177499590867908
1949837265816151
1122819682605055
2077030582831043
3992393680977820
1497708758327137
1517514159399775
1178607347420951
1277160986987049
754185267371531
1106324604436163
1327055952097661
1312615440535360
752506607616273
2777154779148851
2304991443252237
1453011882649824
991026016423957
1184571456912510
1496005537973386
1274341717761846
1481331156622394
1947249679383770
1552568849239904
1278430023779696
1092919429183254
794708866417786
1320114979827965
4095178497409205
1756319414987222
1656126288417145
792534316504672
1101953188206318
631190096416820
798349882765097
554184007737377
1726107784740498
730462423318106
1844685916093855
812754401314398
1148703283776868
1436550430732045
1360376455701087
1598203457822259
1513808443366038
1823285958619063
24648111048156471
2740354592801878
2852196674980933
747219581635234
782245454496091
780275071079638
1116236680466457
805288441830316
668060549035315
2002141023866754
1923766734833811
747497211646685
2025682541602762
1920602575169848
1196266918929409
1266187974834904
2671617506563780
4187776371482205
1066599958605489
2090372394704293
2647692785401096
775777908485494
2252651881883915
1342925711170026
1474910803923711
650720290963487
990925416445184
1847100892540330
1769437663779947
712896688450228
1435890357637655
1246883997210245
787603843763782
4022822271314781
1796894191037319
24790653587238338
1835834877312309
1771669193715800
1673601959874079
1126130762737299
1144469754234096
1287128176212397
809608321541143
1987365475341503
2018615415542322
1157605756209522
734788009376851
1210151637535849
1309364804168382
1464148478059882
2429565714105673
763993443149489
1093660982898850
1340434677792660
1179063664021348
1461531951636667
1305886244461286
1330621415071256
1098803345688356
1263371231776311
1910938952807814
3355256737945657
1274037150599381
767910112518477
802757602220483
4147487798902392
697510509415072
1299218764458967
2661806374172146
1300972295080296
783910327459137
2549984648702843
667923126334913
771836722443617
772384852192372
1290158929572432
1414385409663310
24780557184930866
812807551420683
1821430845461101
777995918283411
754986690791032
1516960782817152
1294682478701371
1814618265796383
1808635979736732
2194251184413250
763695496455226
1315671496613618
1493779171638572
753708964199997
1082938227322111
1695012747870929
676794915446335
1472877630434774
31239178662396891
4235183963378189
1090307133078086
1883445902604906
3976125829367095
621783437364253
736659239241691
1085174587098603
801862372375102
1484638036077336
778908624520217
1470943824024809
1778347046097934
1666642227361252
1447564866508894
1687754248702877
1142073094456633
3087597884748638
1284016250176349
1283297013256084
729918186879052
1251179990024742
1130816455655861
1670655126963734
1290382855412557
768955452395274
1290932805847568
1138057441503423
1358475719046201
1963507621116350
1241642671051557
1845342333074954
1969361697161852
806537308567282
669829496141716
23966106119733700
2285759351844832
24589385850678121
1372030247864197
779827017962091
1813456895872286
2057227125085201
1294440805810248
750556147884421
1530704434596316
792429739863184
1617438606307049
797752982763441
1350471479828900
1303113781184607
1300867278256497
4041097086152169
24265115083183605
799950565710526
1803905620207160
1484427699263072
1345329307601635
1048274453845154
1818341255427720
1311735816955624
763988046250079
1046575124215716
1409910377361533
1306823701000890
640943528661015
1310814403766348
1102995661411412
1455940619042245
1962247557907857
1148522850671984
1233776181885079
630406993160073
1135820325125011
1988868068619628
2268456163568443
2139539429790025
1069033108727915
1095403532693199
802421382130660
1425968485126684
1076004124668421
721834484180316
535760289627618
1483654279495258
1021047563327860
1168652721751022
1059748775963613
1312567436985387
746512108384789
1301801138160558
1461524804870667
774919825235080
778212201738859
1269965837726681
645050445313782
2015481852593916
695776520186566
1723856374971362
1511236619863696
1082567937275039
1305480864439576
1928165994629247
1317222050055808
2018474568895420
1230167858799315
1098380599155327
24029803406697617
721456767522417
1282850283536333
1271591377767764
2227486601060772
729345883435191
4256830704593299
1088640403483396
1129660315749581
2805777232954876
1304351927736240
1102799515166123
1987729121766017
818178681369982
2295730667531202
1511455176513827
768889165740202
1201880965316828
1702802423741225
1988500078641328
4159603284297973
1118156023154129
759623910320930
766555429560178
1346448667154542
770476985576855
1476352160353201
1102717854758711
725715420470411
4157977497817884
753932924216825
1324269902641573
31198618333115986
576845638753155
1322712615921132
1829567314261772
1292681858906291
1479547666622001
787996067216242
1358005022992911
658987687239764
1892426724822958
1144684344384930
24114793438222052
655055227149311
642004448947721
1317175259932489
1324841549232036
1283122496327521
756176710615350
1335074351531435
1495379875241643
3703675949937785
1515666769449569
776893051497333
1262261335695448
1295772208674380
769496395975143
720894324318670
1105839931122323
1049818073893469
24547296334897564
23960279156985505
3051239415045771
2225287837892015
24588196524138879
1416439302793310
1286579549578529
741779102194741
9777923205643494
810493138080996
1506598584024998
1658416778879507
1513576462986477
807034294987878
1498657284649086
1107990947968036
1471339390669139
1298714768643308
790928446636286
754600197429665
1305021804733008
3990091134541864
1561562824808028
805391461845762
757087633604830
719522291087366
1127881499259354
1474304317221755
4803388249887576
1232607561888951
1112498883635793
806765458591575
1359168812229520
24029768826724333
2245463585897014
738977348966765
2142425006251407
1494671161717631
3232996236856420
794160899626497
647549368396959
1535421580958842
1819266792018454
715283274868726
756166710476667
1829768707609568
718987651177667
794943059649130
2276012902873156
2003428550064730
1445016413210211
675366258910720
1456377768899977
2393782911017078
1984338985660206
1425520295409035
2663463610657746
1543319807078100
2268742083578091
1674540040600690
2017173629027593
645147251485041
1075892851414420
2952238241628098
1913562649495283
715955244793098
632421033013031
1091820429299440
1097222562521021
752167247591297
1502698494197641
1269927664618606
623702050577382
2657141151301243
1078481337828424
3203599889815304
24511174215188931
1026155636129746
670675478762626
1080132417438804
635409556287036
3966519173660169
1414841192932305
1064538082336426
1471116893999490
830824526180743
769982162398328
771397745492346
1299838834310862
755893567612209
4340021566284452
2267168420371549
1323261762517436
2161313677725221
821945087278219
634668046365858
1285108066431431
1108832061463678
1532061568175260
2929265083928389
25205509932441455
2659703024370609
1184908173659456
1297240321850420
4227294590873605
1092289185957615
1459019168680648
1542878160008829
1499198817880929
2616831378670136
1298566737880747
24943396418597338
1142846741136116
735786415950635
1029741002427315
24473451465608278
1485716059096971
1243105227620443
3166972680136579
2197169807451365
24166506863048103
773491635089937
753896497270435
1501993884308279
742170405312070
791525583456445
1841327173460619
817204624158320
2308688819588483
1161835152509630
761699316848443
2066666147470140
1487855045726813
1495937375156683
745900921751825
1788472972035040
2622158818134843
1188799409946800
1123778463025371
768093538931876
25019227287702127
800150219367604
1410490570033684
1507976787000196
1460112078525516
1329354065223401
1763632537877138
1842836522936399
4057424687864642
1056467759898791
815481977571738
760228813571049
24181492668188835
1440427717206595
1283994746195582
2663738953985521
766696736323820
727470003626097
747710828173872
1162607002591696
807002591750525
2028948717639504
2767594726771358
1993921248040041
837741158812657
764008483225104
819448497175244
669758329469584
1408123056933632
1508665340495505
24851863657740885
760643826814591
1082338534068738
819266884106691
1801795980411425
2667325903608364
1958377058261039
1249608946848848
609532262237522
1233648765445194
4189864091342625
1890481518565216
2116139375580206
1474895390091306
785311243991796
1884152102136454
1457814572031526
1112929730797563
1688038761910069
617555127888539
1679930569340109
576546808876140
1304037714452634
1084978207172680
733100576157532
1811789296393074
808454721841356
1115658820013310
1568616387456369
757488236989133
776792048406347
1051270443748023
1795042647762365
1064682102487179
1317011703381464
762219089878983
2239836673144482
779739931449684
1489671335716477
1098621725659026
1764248717518381
1986859592146295
1918293678742021
1122826126477143
1235096024949545
1264614341658947
1282817750287582
1108271487521153
1225590922938079
1289151546268990
1761740844488271
1102716641445106
1106728227662216
9918857704881244
1108762167438148
1521475165693412
1678398506174745
811270401458107
1270007274330384
803858129204606
563134193487958
625968720580573
1437669167352194
1303617450895052
1154228910060888
1102243718699841
1332734115524426
1674971487239438
3982757195201205
1680974412572203
1266632088092179
1833480500610831
2244138572664797
819478037173821
996751942500239
1327070042326486
763588542978972
765476262902606
1271829631358862
1159124429401614
1319105666406328
2342101119541520
787061003874690
2564293413949338
1134891385189979
1086810900224176
2281820965611343
1398331251722064
2124773828049540
802905065409533
1421745252433151
701873952870655
1445030296801777
1087067326905287
754155140759812
1122731939807078
1911795186219146
1111851907559800
1100779775353749
766229956268457
9410547729070276
1325555885785843
1863707864215201
752004204396554
1820911295128011
2629545227391442
1966822420821031
1108988327362853
749803131223666
1452072075910631
700524466372187
1949962815856541
1975171193331078
2292160774547517
1502237341127903
1799525924299243
24707567435547130
1720797015545174
24501056579580287
750232064446479
756791003913313
764911142810182
2329745767457930
1290165986119763
1144977227570958
670991948726513
1397324381368354
1691599245130922
771508155635672
762877873198282
2543977219319097
24226497300325826
635133762994462
2261459110941018
1833755884165560
1194309806053744
1317452293105132
803064615750443
639143748819574
1324805562371084
2309940596104810
2279325512492689
1492947962045916
938749615116342
2018065375596224
752543710880662
1462195708390662
1796358501012507
705997069133969
1096653522096853
1308239787675981
3997977217179971
1844699436441578
3929537400632426
1708176996511107
769507279020306
3127232024111532
2801089280282343
787453810893074
3172398616243393
771866625780911
765291693097054
790792186828694
2851933888481851
1273449937355719
1494909921802873
2908657546188904
2278921849251046
1481151559557000
1269804934411038
1440138557101666
3935790890066215
1988973675181050
775734788751769
732733659759489
757460243850367
4169533859950622
2331335227287432
1478180643167413
4222723601386456
1309235830563174
775213848774418
1996463507790032
1408180880275377
1225065316301394
1115265263392965
1672410796772003
796511866152074
4131751443729662
819371934584621
1378913733757718
2832587916940276
2079962519198882
2150640432093108
1413523916385377
1916244865902617
1083400883973203
1990337331504691
2997163607121448
1148951150415463
838661202052321
792962109864360
967199388883890
807975455015183
24358605133831440
24972655232338262
1685743555432951
1272994697423002
791676209946394
779214354603694
2707211179622564
1316767033296979
796162996260219
1701176091270926
1197353662431230
1119447159604704
766257352781117
4197630727191061
779015578004443
1308187360928442
25442230985365723
801140555674810
1362489185295524
1733604073976410
1745641882803037
797798312711370
762787303035125
1102810921460327
1454681929070570
1415247140126407
2437836693322837
2215440582299027
25958506190416259
937676288566962
2574467182945471
1310137140467879
1298919788311474
807855368280756
1796234704620360
1780611785890362
1491728568942961
1493181688485585
1427773118275804
2257710588070238
1979906589435988
706491595739402
1155214369988401
31901638516093885
1076469994639868
3835482256587112
1276125773715018
828200949766238
4142245076047918
1188609739741024
1295900482016725
1787008405516108
655813147550547
1494347598411200
5080266625531658
24918762147716783
1671744376842573
1311855253751627
1704286233608213
770109402416740
24628385090124522
783947690840311
1379198736927896
1945257756016067
2051807948984871
748724734709821
807073938414583
754848534122791
1788712335066230
1177752577524204
801501609222821
797839799371043
643482388801461
776253328456733
1988462958571810
1516101192738028
807863018247845
2146481095843955
648365091218937
1461636874961462
745666994948140
1749717089083538
2243575189419015
1250566046823350
1351378043227766
1236489948249091
789314920705767
1054877070059727
1309973280522847
1332609775190654
1257638412714120
1283915759869411
1275806800855053
1118180979638808
1439903407286207
809552981646685
3449173968557995
1207319181438419
799755362611051
1854519708773992
2295863214201172
1846879952590748
2203188013510563
1958643871584944
674483718317394
1936161516947952
761288693307712
1939820066865154
1513852193395799
1374406767769571
1410350283385717
1495779591422789
1148773613773148
1089007302951473
790728580061327
758953506757131
2145764972602341
1585143295954479
679367991122949
1029770622424993
1083672303881637
1794714124489805
1122958175835218
3922273718084478
2203731756721539
2216759895440774
1229742765572988
1346621950217376
1301350571624017
1300535211430338
2793684034154821
1299040368619792
757496930430046
653371707320138
695224430351378
1143386267654294
603699816007429
1522352418762328
1271233440925708
676281125485327
799616722590238
1228965918917499
1884736642104913
1287789643041633
1158861802776184
801841472217561
1972249533509164
629480409931147
2547976708915404
1396653348095883
753419800788563
4222164271434432
24470797769205754
1149073990449292
763287582953749
1359481292538223
1078832550667977
821110050258623
1097171092097510
1163600658924232
1499336947742583
1075353901438466
764199543448519
971885845071533
810387154947101
801835765732490
1261293105796698
1843978282848806
1074342968116501
24733464569585035
1134472695257133
1550644465908649
1339985484457112
799905009150434
2831353333920047
1337546267791456
809541841407819
2674933276293322
1277898033878121
1292854435554323
1069898848257241
1453474712367256
1679315052757668
743394018537298
1317599919932950
1299435375048136
25607779712144979
2083031789128747
1505432000615021
1441517953795388
818291260571590
1002485511926852
790585470060544
640499182042152
784576947856222
1816472805892908
703145542738998
1451914336126325
1535125617475863
1584875649613752
779200701247381
1195076375762570
3986509858277822
1435006901053318
546847695151524
1449289586345872
2206599079815933
774549591828025
1115861983352156
1322582616177847
1337618054377579
1536685571037019
1296687365578187
1095111312815314
1293671768872065
1562976554861648
1099927552120088
1104415281250410
1001588192007346
1737089667682016
1077051144632447
1144454697549764
1302565361372627
1692540178066678
2161397824352233
666285946484418
2276822616102024
736591632706867
1284654729986327
1040556121312979
3700427746929653
1443062233571326
1109170290730427
3955593274751871
1282089836719993
1274788583848941
1409349377323865
1556690848826434
1299938324863493
1075527338091174
1498610474480527
1380912123606774
753990227618322
1261883949040524
4131448683766835
654496987220994
1755389005341466
24222312787410149
1489076192334437
2048789942195063
1296649665348670
1096749832442998
674703331646287
1811264396464153
1315197910128813
1291831205783777
667817632409106
1789350815000937
766841032985497
1322809086163358
653280721139275
1163224388985065
1847399412475567
1065729058701279
1414944939576633
1961553297941168
1408391690235493
2384120545322967
716522284753408
1991681074909491
711352931956622
1749995732353506
1193141465955501
1458021198682623
727006100320137
2175954876237889
1123941979672361
1956757718421637
1083411763525085
798067065940586
1330461875329518
620998600798224
1223057739851304
1465447838014889
1503974580777035
806052308765410
576558555447974
1306629797667209
791152843854694
1830498074543119
1445799413394533
4270415419855980
24623056280648971
1715613969117778
1713330042704250
1080580020498578
625025497101606
1444444716782315
1451644019448786
1110700511206196
1467581854453127
1922736371854159
1493584808647698
783942674581099
814182094366800
1049300920612852
1330584161995291
666685705861721
707171982368404
1913790885860524
1290882132477184
1003499971804693
637930015679395
1861586354705411
2003769070364781
1075141824604216
747219878157036
1939298626854689
823709873654833
1513535773153124
1496091938400753
696078366813126
1959411931461424
1316115999926340
1935743983886250
1447719076501209
1126028949427796
3955725714644871
643298678426521
2505529299826298
1935666390588991
821727613752926
1073098858145045
1481201089583373
1490646641978228
1556386848671511
4020523948093687
1457566131955439
1615292489440415
2894658094256908
1285180079393376
2227379301008276
2207916283023078
1793108664897964
4085344305067614
795279386199450
1329861501814716
1121057986031525
760693416759378
759776110003768
1279031847302841
1913718032531296
796237993083751
1184296847080106
1311741677098150
1147931073908505
2960046860859560
1815471232680190
1279294273343958
1911776112725319
792388616877170
3787547594803517
935210732155188
1105413027829371
1676760769683056
25052257311058919
2301977300239476
1414967282915594
756424480504979
583808731483099
4065833307013936
1303510893957937
1990140815079110
1481534776213742
758273760294156
1076185138007215
2924566777732600
31607913308799942
1488098769044993
634411079400307
1414727602958411
1290980429434263
734469252917156
1129283498623075
760745610068387
1162770392567868
1091778113089282
1341672270726186
1259746665838601
4221414611410505
1282164453649964
1134650308641765
24489985040613131
778455178452630
793406750084207
815722734214273
1461996881713821
741814128730084
2215911848878463
1447423309864663
719551774460557
1689782805045801
801210155680065
1121825846713832
1560455558258372
1972927883483539
784042667327598
1105019461183610
1678284242835345
633058719868635
812422638052333
1305961294254313
1305629467638352
1210591450488693
1972923096795278
801926349167296
1758093314874596
758140547194591
4075996022675581
1087694713346878
1432595984671100
759052850263807
801321712239704
2237175703454250
751275721220372
1113015673632423
1432275368360725
24441095892209272
1274380127225796
1494488981570553
1155389999988627
640899382005822
1256634202882752
674409615021344
4127517477489302
720861961027901
1741201829847168
1457234668849099
1964377601005279
1123711922542218
1311764150307934
1456711018964207
4132200400354477
2579948319032675
3955559894756390
1749233749294235
749897041143253
1574354470197071
31197783383200301
2283575395407016
1858173151718886
1206909961474306
781652784456247
2604707593230897
780105244909815
4307906562778656
2607115199628232
1795543561058976
711238871928296
3964678763844822
1729286924451164
1337815657924422
1944538913005083
1325376919305402
4078799985669947
811323704892476
782254137687508
1119687846709428
808305721860097
777437445221877
773373585282118
783474041100542
1117648293070582
655923203730581
1262785468975031
771380198984253
1057016329604760
24226780280339286
1132005118807516
1278659653757987
1738217393551716
760537690204044
1235443168353539
1066233488999618
1463082935022992
2525554751154766
1344409647111932
803698925520816
755914597161710
2366378383759878
1068897655410365
1503963617427304
1470024394047399
1722679895049411
762396133354139
3660547097585636
2204556246722944
24434292526224016
561748430293805
1689605388404240
1424788188810599
638590475967350
1080002470955174
766789162737977
761481293168693
1510343436811380
1988429198561559
803799975406755
1313948006979618
2254558101694059
1278987080157093
1310238907173643
1481427329576305
661762843036815
1515956203099725
1150426513799924
1713840752604053
2023323255074449
782365497983596
1320869306292334
1491134851894206
1457952412507798
763457549621096
1390632128668258
1266125581662146
794938552954082
24424485940565383
646010141910690
1944739396377583
9753447271425246
1041416014555460
2177571936087977
1234550955139500
1857930608463114
1836076676945800
1116148040626898
761835340158946
3230481693770009
1459439268604533
1271543234149104
3859590684171781
2402584910143226
1889344645348967
769472752509875
1985116012288555
1087343293530609
800352549087222
1200354452131906
2394273310970149
25447306481526239
811450808125954
1110735417694207
1450154256041385
799636032591656
1305951357592224
817267687531601
762746999899172
1137223531631424
2261241944338746
769233648985401
1107538994184541
749174584693807
1176029867682057
2098836720526295
1909637979596103
2311356759295969
1118155853637073
1320758786356408
1359313578946870
1452874472685488
728219256880795
805464852146436
1769003994490582
2583313545348464
811476947891465
797962966084724
1984934522261464
2020111475395786
1562826638216773
1469198631166036
1876730886220343
1728684974451313
768046622594784
1522295728928617
1888768658345410
1505091964260293
1017883306989921
2170891216745291
1301365914696889
1840340413361827
2443624679367055
4181697318730466
713585275049585
24593902076906595
1301707191508138
24172527855777234
1277084847444770
1488716408824506
1472753197249407
1838722743415611
2040632510043562
1446349189817295
1456822688928180
1457029228736026
1330198745427336
2232393363891677
1897167427496127
714295084985769
1885597318972645
754980680831711
627538720143726
1496429015034740
1113279213591564
1300395865078148
1207344958077818
1047043250837926
3420553984758897
1076821997912886
1338645944288247
2013551029474634
3966041757040047
1326779585458324
662433779637689
746429231596091
1279876450546093
1154661283150778
1093973869506846
1339734371495689
780996061088427
1721386128567874
771375852257817
708138682274816
1004030581757845
776482568637894
644786558245319
831077869244062
1140019444526822
705344682558598
1431012034787988
1119403126792951
24570261799264579
779806794698505
771539192264407
4329921450628069
1780152165929668
777695355146417
1148524590669064
790091663507476
1390721178689239
1840567080150986
2253880031794616
755400943920288
1551696935802744
757695407066199
1157846719555934
1963506884484898
1111477180536099
1277932167215026
764885052924135
1630358164610756
1080335687232235
1276371253606233
759061820345352
1474046480680988
2511793105856188
1820188392188313
1928503147931855
755269410715292
2519840275041328
1689782648396508
1855639475365113
1457940538842413
795567683152897
1208173641153489
648357457874500
1174969511109730
1514630996448776
4319648561598200
646103431453145
1784042959145308
1127086309322054
1112239223697267
1286595176544933
2278276362614904
792464019968565
1534877741015604
775826438476318
3400180026791639
1645749012770822
4263063587304802
1311605653877767
1288787069414811
1450167639639538
2655577988113566
1078517977774767
1086707600273925
1605498543743774
663613619521170
786965207221166
1480306849787062
1865878653960416
1694592304580103
802604395441494
778603554875355
787207160512863
1210851297751528
1277794616867366
3874736452829433
1152693806680044
2296217890869024
773862195385695
816720294037544
655123873817509
24886348570957977
1016646760444298
1503697440659318
904536539040161
1113830623468058
2023196208452264
1749605775672120
2396663427394023
1296395635375279
1969998547082741
1818468925688754
1160953695894488
24816037801336775
792340260113376
1118080969691738
789854196747585
789268346921074
1223022839841805
1790829801527417
1120233033374081
1514121453274296
752699107580466
1076571031226827
24584187687882051
781371141250721
1773872473234271
765612516066760
1118198786387665
1439878054390344
1441899030375437
1114589350638535
1447604543184450
2110335272831444
1477697876848137
723313950667788
24331680826487949
1167280858782939
1329845378522867
2579331532434902
1112123497547952
1265057278270100
1494796021667466
1159293592920492
1269938744880102
1931626741069901
1463770924769821
24826976276914611
1535882747763184
1155770503037654
2336846350067108
25092184437033030
1503871734388435
743044835380227
4263048080691416
1757979968417373
743828432153400
807948454900730
3328108887329104
1215093397054010
787006787067425
1390116218717102
1132111648835184
8781354291988112
1445216183358154
1499953887845173
24895112946739445
1968482637260236
1327535555398894
669990112793775
1984540802395714
716045288122432
1434610917819404
1908681889692621
1493821005232195
1458030335464006
1803651833562378
1826723111606398
1143163114344856
4229891693948795
1999040740848404
739244935609027
813395434682657
807840848347067
1481435586532382
764014539663689
1967168320762754
1482650122687780
1156757779716242
1075578407898606
2026529118186092
4011047325875384
1412544863140872
1499487771468755
1088043260154030
824684763548047
24513678551621740
757514076908217
1898956524358552
1479567896576144
24421282304177836
713157545087473
2521593928208017
2567075567008819
820848646936489
1821494928750886
1303946151331248
1405473144085174
1276192480669055
1292149815792428
1504661200892286
1489174382321025
1317011080003221
2219480745183093
1704468100118902
1140624647962266
1447154689892343
1831265124127738
762763426650705
4236070240008573
1089425553371172
1084050157277528
751937747754932
1517967256317622
755508853788157
1329386268797961
753878310862642
1830791684177817
1315558423510194
1740996886540314
1303831574584153
1516076729567816
1408247037416074
1320470583145014
546873735154109
676584915011048
1566310621008436
4232887380326931
790751166870818
4086570321554855
24383333521326535
1331194432058350
1464671311228618
3658417850959497
804378315578560
1297656098526234
3996388167174531
2198662850639321
974566254791846
2302974646800058
760617560283956
2529185667456164
1469979294215579
648390918317364
760262630077189
1096219059283106
1498041531336262
765649553184630
638724458912945
2006945986719405
1183758003591503
1679279356080470
3666413486827022
1690985231619242
1282749626650021
1397893527943468
801002492508722
24460223230266153
1313040233875013
2824342827771446
2260501444422389
810441221411092
1582867036418494
640344385789775
1850282922188501
1892932804616551
646482431832453
4273484232897351
3147029712118329
776573841892792
1759257461363983
786684780612154
1249395597199925
790455803922817
804866708750299
577006212074733
730197690054906
1754847918736227
1861027001496871
765830699487758
1493010725056247
1791130341793197
591685847242155
777522741330606
1311120493964561
602858999429472
739723322264071
2000224730717216
2504795423219889
684158770605324
507625609111728
2260207897809578
24337547279242433
30962583823389003
785939830621695
1299355531823252
1322643556145344
1302127541589423
810534078318347
24791104730522443
1501329710863629
1813545862623826
2595986320758767
1709606813070456
800567418986726
2377574732696393
1015265457264422
1481099199709772
2873723096145022
742917135403323
784689667443348
762209226735388
1105127441161110
670027062158359
765202039461560
1536810244336569
1337168521169198
800580015646817
1287722502757457
1318330326542418
2828998290608662
657924076833995
24377942901867737
751043284441950
1307255584081272
24702628402665511
659403333846797
1276567314169172
3715489435423641
3951903284953730
1316351283352634
1476379366729635
1766806197290581
1944876373036480
665197562682488
813488611247469
1460378728448402
749806627679466
1475979926775122
1115081773380237
785418124211595
1502700071156969
800857492894465
952621413708438
1499302477911506
1491610582013771
1329179182173033
2669802556695309
1269555034849937
2290465651396226
